========================================
HASIL AKHIR TUNING SAHI
========================================
Slice      Overlap    mAP
-----------------------------------
320        0.1        0.3385
320        0.2        0.3385
320        0.25       0.3385
320        0.3        0.3362
512        0.1        0.3537
512        0.2        0.3538
512        0.25       0.3543
512        0.3        0.3536
640        0.1        0.3595
640        0.2        0.3601
640        0.25       0.3602
640        0.3        0.3599
-----------------------------------
TERBAIK -> Slice: 640, Overlap: 0.25
mAP: 0.3602
========================================


Slice Size,Overlap Ratio,Match Threshold,mAP 50-95,mAP 50,mAP 75
512,0.25,0.3,0.3552,0.6369,0.3560
512,0.40,0.3,0.3519,0.6337,0.3510
320,0.20,0.3,0.3406,0.6203,0.3371
320,0.30,0.3,0.3339,0.6172,0.3305
512,0.25,0.5,0.3556,0.6368,0.3613
512,0.40,0.5,0.3519,0.6336,0.3510
640,0.20,0.3,0.3770,0.6476,0.3937
640,0.30,0.3,0.3767,0.6473,0.3935
320,0.20,0.5,0.3401,0.6195,0.3364
640,0.20,0.5,0.3786,0.6478,0.3940
640,0.30,0.5,0.3782,0.6475,0.3937
320,0.30,0.5,0.3338,0.6169,0.3304
640,0.25,0.3,0.3774,0.6477,0.3946
640,0.40,0.3,0.3751,0.6464,0.3905
320,0.25,0.3,0.3403,0.6217,0.3372
640,0.25,0.5,0.3789,0.6479,0.3947
640,0.40,0.5,0.3759,0.6466,0.3908
320,0.40,0.3,0.3278,0.6139,0.3170
320,0.25,0.5,0.3400,0.6211,0.3369
512,0.20,0.3,0.3560,0.6373,0.3568
320,0.40,0.5,0.3281,0.6133,0.3168
512,0.20,0.5,0.3570,0.6370,0.3620
512,0.30,0.3,0.3544,0.6366,0.3543
512,0.30,0.5,0.3543,0.6364,0.3543



Slice Size,Overlap Ratio,Match Metric,Match Threshold,mAP 50-95,mAP 50,mAP 75
640,0.20,IOS,0.5,0.3741,0.6466,0.3862
640,0.25,IOS,0.7,0.3739,0.6458,0.3864
640,0.25,IOS,0.5,0.3736,0.6384,0.3870
640,0.20,IOS,0.7,0.3734,0.6455,0.3854
640,0.25,IOS,0.3,0.3727,0.6383,0.3868
640,0.20,IOS,0.3,0.3724,0.6382,0.3860
640,0.25,IOU,0.3,0.3713,0.6406,0.3840
640,0.20,IOU,0.3,0.3712,0.6409,0.3836
640,0.20,IOU,0.5,0.3649,0.6266,0.3816
640,0.25,IOU,0.5,0.3647,0.6261,0.3817
640,0.20,IOU,0.7,0.3576,0.6043,0.3755
640,0.25,IOU,0.7,0.3573,0.6038,0.3754
512,0.20,IOS,0.5,0.3530,0.6277,0.3550
512,0.20,IOS,0.7,0.3519,0.6248,0.3528
512,0.20,IOS,0.3,0.3518,0.6281,0.3551
512,0.25,IOS,0.5,0.3509,0.6276,0.3544
512,0.25,IOS,0.3,0.3509,0.6277,0.3543
512,0.25,IOS,0.7,0.3498,0.6246,0.3525
512,0.20,IOU,0.3,0.3466,0.6140,0.3488
512,0.25,IOU,0.3,0.3443,0.6136,0.3479
320,0.20,IOS,0.3,0.3350,0.6114,0.3302
320,0.20,IOS,0.5,0.3350,0.6105,0.3343
320,0.25,IOS,0.3,0.3344,0.6126,0.3304
320,0.25,IOS,0.5,0.3341,0.6120,0.3301
320,0.20,IOS,0.7,0.3327,0.6062,0.3313
320,0.25,IOS,0.7,0.3322,0.6077,0.3319
512,0.20,IOU,0.5,0.3318,0.5922,0.3336
512,0.25,IOU,0.5,0.3310,0.5915,0.3331
320,0.20,IOU,0.3,0.3274,0.5944,0.3272
320,0.25,IOU,0.3,0.3265,0.5958,0.3278
512,0.20,IOU,0.7,0.3190,0.5503,0.3318
512,0.25,IOU,0.7,0.3185,0.5498,0.3318
320,0.20,IOU,0.5,0.3135,0.5674,0.3115
320,0.25,IOU,0.5,0.3134,0.5694,0.3121
320,0.20,IOU,0.7,0.2989,0.5204,0.3092
320,0.25,IOU,0.7,0.2972,0.5184,0.3088